0.1070 0.1000 0.0540 0.1000 0.1000 0.1000 0.1000 0.0990 0.0990 0.1000
|
0.2110 0.0980 0.0910 0.0840 0.1110 0.1220 0.0990 0.0630 0.1580 0.0840
0.2450 0.2760 0.0630 0.0710 0.0620 0.1080 0.0890 0.1440 0.0900 0.0790
0.3510 0.2790 0.3710 0.0910 0.0860 0.0920 0.0710 0.1320 0.0880 0.0840
0.3480 0.3040 0.3790 0.3110 0.0940 0.1010 0.0830 0.1600 0.0740 0.0770
0.3350 0.3290 0.3510 0.3690 0.4050 0.0890 0.0850 0.0780 0.0840 0.0660
0.3910 0.3530 0.4170 0.3900 0.4660 0.3620 0.0870 0.1620 0.0810 0.0820
0.3770 0.3530 0.3930 0.4040 0.4640 0.4790 0.4700 0.1270 0.0810 0.1040
0.3840 0.3460 0.4110 0.4120 0.5060 0.5030 0.5090 0.4860 0.0850 0.0960
0.3940 0.3490 0.3900 0.3650 0.4210 0.4670 0.4740 0.4490 0.3370 0.1140
0.3940 0.3650 0.3690 0.3920 0.4700 0.5000 0.4940 0.5030 0.4630 0.5110

Final Accuracy: 0.4461
Backward: 0.0721
Forward:  -0.0004
