0.0799 0.0861 0.0837 0.0874 0.0931 0.0815 0.0868 0.0814 0.0776 0.0855
|
0.7001 0.6497 0.5899 0.5312 0.3080 0.2178 0.1448 0.1263 0.1015 0.0836
0.8593 0.8613 0.8373 0.7968 0.5377 0.4040 0.2888 0.2540 0.1965 0.1301
0.8557 0.8804 0.8824 0.8670 0.6704 0.5221 0.3806 0.3151 0.2433 0.1726
0.8398 0.8765 0.8831 0.8701 0.7126 0.5498 0.3953 0.3281 0.2585 0.1761
0.7711 0.8321 0.8618 0.8637 0.8036 0.7107 0.5947 0.5392 0.4620 0.3020
0.8034 0.8521 0.8799 0.8898 0.8873 0.8584 0.7886 0.7252 0.6311 0.3875
0.8088 0.8516 0.8828 0.8897 0.8975 0.8870 0.8674 0.8330 0.7821 0.5726
0.7715 0.8128 0.8405 0.8490 0.8707 0.8721 0.8718 0.8586 0.8269 0.6679
0.7868 0.8270 0.8524 0.8601 0.8912 0.9057 0.9081 0.9044 0.8911 0.7903
0.7988 0.8302 0.8466 0.8518 0.8587 0.8754 0.8770 0.8763 0.8686 0.8260

Final Accuracy: 0.8509
Backward: 0.0090
Forward:  0.6253
