0.0799 0.0861 0.0837 0.0874 0.0931 0.0815 0.0868 0.0814 0.0776 0.0855
|
0.0898 0.0952 0.0914 0.0942 0.0941 0.0816 0.0880 0.0834 0.0784 0.0889
0.0989 0.1048 0.1003 0.1025 0.0977 0.0832 0.0877 0.0851 0.0798 0.0914
0.1092 0.1166 0.1130 0.1120 0.1014 0.0869 0.0878 0.0861 0.0816 0.0936
0.1243 0.1301 0.1288 0.1294 0.1079 0.0910 0.0925 0.0871 0.0846 0.0953
0.1292 0.1378 0.1379 0.1427 0.1158 0.1010 0.0973 0.0957 0.0932 0.1051
0.1353 0.1429 0.1428 0.1542 0.1267 0.1143 0.1112 0.1098 0.1034 0.1127
0.1374 0.1453 0.1481 0.1608 0.1386 0.1295 0.1288 0.1257 0.1179 0.1240
0.1404 0.1469 0.1527 0.1654 0.1490 0.1438 0.1471 0.1493 0.1384 0.1316
0.1413 0.1553 0.1582 0.1723 0.1582 0.1584 0.1645 0.1697 0.1677 0.1502
0.1391 0.1601 0.1642 0.1789 0.1637 0.1667 0.1798 0.1907 0.1951 0.1856

Final Accuracy: 0.1724
Backward: 0.0425
Forward:  0.0279
