0.1070 0.1000 0.0540 0.1000 0.1000 0.1000 0.1000 0.0990 0.0990 0.1000
|
0.2270 0.0510 0.0860 0.1570 0.1020 0.1550 0.1110 0.1120 0.0550 0.0990
0.2100 0.3660 0.0980 0.0930 0.0920 0.1710 0.0860 0.0820 0.0780 0.1060
0.1540 0.2270 0.3140 0.1260 0.0790 0.1250 0.1020 0.1080 0.0930 0.0950
0.1860 0.2600 0.2280 0.3660 0.1230 0.1170 0.1360 0.1110 0.1010 0.1060
0.1010 0.1910 0.2950 0.2900 0.3790 0.0520 0.1120 0.0750 0.1080 0.0790
0.2300 0.1990 0.2480 0.3220 0.3520 0.3930 0.1300 0.0870 0.0930 0.1150
0.1680 0.1710 0.2420 0.2940 0.3290 0.3780 0.4890 0.1340 0.0970 0.1240
0.1360 0.1270 0.2070 0.2240 0.3130 0.3280 0.4060 0.4810 0.1060 0.0730
0.1440 0.1930 0.1450 0.2240 0.2420 0.3780 0.3650 0.3580 0.4020 0.0890
0.1890 0.1690 0.1800 0.2210 0.2780 0.3320 0.3620 0.3370 0.2990 0.4050

Final Accuracy: 0.2772
Backward: -0.1050
Forward:  0.0057
