0.0799 0.0861 0.0837 0.0874 0.0931 0.0815 0.0868 0.0814 0.0776 0.0855
|
0.7167 0.6779 0.6319 0.5764 0.3434 0.2410 0.1690 0.1418 0.1199 0.0907
0.8717 0.8727 0.8368 0.7923 0.5211 0.3955 0.2976 0.2606 0.2175 0.1536
0.8596 0.8801 0.8816 0.8664 0.6781 0.5260 0.3803 0.3113 0.2395 0.1660
0.8683 0.9006 0.9090 0.8978 0.7411 0.5893 0.4318 0.3672 0.2743 0.1726
0.8093 0.8620 0.8814 0.8827 0.8355 0.7472 0.6189 0.5537 0.4645 0.2924
0.8191 0.8655 0.8939 0.9026 0.8986 0.8783 0.8225 0.7579 0.6709 0.4326
0.8311 0.8647 0.8893 0.8926 0.9121 0.9079 0.8852 0.8542 0.7962 0.5829
0.7982 0.8360 0.8616 0.8645 0.8753 0.8801 0.8797 0.8691 0.8415 0.6685
0.8124 0.8476 0.8681 0.8710 0.8907 0.9004 0.8982 0.8889 0.8787 0.7721
0.8285 0.8725 0.8912 0.8987 0.9036 0.9138 0.9151 0.9110 0.9065 0.8600

Final Accuracy: 0.8901
Backward: 0.0325
Forward:  0.6397
