0.1070 0.1000 0.0540 0.1000 0.1000 0.1000 0.1000 0.0990 0.0990 0.1000
|
0.3200 0.0960 0.0840 0.1030 0.0870 0.1470 0.1020 0.0840 0.0890 0.1120
0.3280 0.3360 0.0880 0.0680 0.1010 0.1310 0.0980 0.0660 0.1050 0.1030
0.2740 0.3180 0.4330 0.0860 0.0970 0.1820 0.1020 0.0730 0.1150 0.1280
0.3720 0.3460 0.4390 0.4140 0.0980 0.1410 0.1240 0.0820 0.1060 0.1060
0.3890 0.3660 0.4330 0.4140 0.4720 0.1470 0.1050 0.1200 0.0990 0.0930
0.3640 0.3470 0.4430 0.4240 0.4770 0.4120 0.1180 0.1090 0.0960 0.0980
0.4080 0.4040 0.4500 0.4410 0.4470 0.4870 0.4800 0.1110 0.1030 0.0970
0.4040 0.3520 0.4450 0.3980 0.4870 0.4680 0.5280 0.5190 0.1020 0.1050
0.4140 0.4020 0.4030 0.4050 0.4400 0.4570 0.5430 0.5370 0.4510 0.0960
0.4160 0.4030 0.4000 0.4340 0.4640 0.4670 0.5300 0.5240 0.5030 0.5490

Final Accuracy: 0.4690
Backward: 0.0304
Forward:  0.0090
