0.0799 0.0861 0.0837 0.0874 0.0931 0.0815 0.0868 0.0814 0.0776 0.0855
|
0.1921 0.1640 0.1526 0.1549 0.1121 0.0926 0.0891 0.0892 0.0876 0.1004
0.3649 0.3590 0.3419 0.3128 0.1752 0.1351 0.1193 0.1181 0.1208 0.1271
0.4817 0.5189 0.5051 0.4521 0.2706 0.2002 0.1623 0.1529 0.1416 0.1369
0.5146 0.5818 0.5788 0.5539 0.3676 0.2834 0.2227 0.2017 0.1814 0.1549
0.5430 0.6269 0.6512 0.6426 0.5011 0.3989 0.3173 0.2842 0.2421 0.1875
0.5279 0.6174 0.6529 0.6560 0.5655 0.4937 0.3893 0.3611 0.3072 0.2108
0.4992 0.6001 0.6486 0.6689 0.6516 0.6129 0.5410 0.4950 0.4387 0.2854
0.4589 0.5640 0.6183 0.6517 0.6877 0.6801 0.6421 0.6143 0.5804 0.4017
0.4351 0.5296 0.5812 0.6075 0.6677 0.6897 0.6736 0.6617 0.6291 0.4960
0.3806 0.4762 0.5286 0.5634 0.6424 0.6731 0.6786 0.6797 0.6594 0.5819

Final Accuracy: 0.5864
Backward: 0.0893
Forward:  0.2922
