0.1070 0.1000 0.0540 0.1000 0.1000 0.1000 0.1000 0.0990 0.0990 0.1000
|
0.2210 0.0950 0.0610 0.0960 0.1210 0.0940 0.0650 0.0590 0.1120 0.0770
0.1490 0.2600 0.0640 0.1100 0.0960 0.1020 0.0450 0.0440 0.1020 0.0600
0.1990 0.2190 0.3240 0.1080 0.0980 0.1090 0.0710 0.0890 0.1100 0.0500
0.1680 0.2250 0.2680 0.3360 0.1160 0.0940 0.1020 0.1310 0.0850 0.0780
0.1560 0.2390 0.3050 0.3160 0.3760 0.0960 0.0930 0.0530 0.0870 0.0880
0.1360 0.1870 0.2900 0.2940 0.3320 0.3130 0.1240 0.0590 0.0990 0.0930
0.1600 0.1930 0.3120 0.3110 0.3010 0.2720 0.4240 0.0660 0.1030 0.1210
0.1560 0.2270 0.3170 0.2960 0.3410 0.2980 0.4130 0.4300 0.0880 0.0820
0.1540 0.1930 0.3030 0.2850 0.3340 0.3130 0.3900 0.4020 0.4030 0.0940
0.1620 0.1870 0.2790 0.3180 0.3590 0.3270 0.3950 0.4060 0.3580 0.4790

Final Accuracy: 0.3270
Backward: -0.0296
Forward:  -0.0001
