0.0844 0.0821 0.0763 0.0956 0.0970 0.0784 0.0820 0.0916 0.0847 0.0868
|
0.5513 0.4109 0.4081 0.2991 0.1807 0.1351 0.1342 0.1201 0.1086 0.1203
0.6481 0.6956 0.6842 0.5898 0.3556 0.2733 0.2141 0.1676 0.1435 0.1225
0.6637 0.7368 0.7360 0.6811 0.4505 0.3498 0.2459 0.1855 0.1604 0.1377
0.6123 0.7661 0.7765 0.7772 0.5807 0.4814 0.3413 0.2456 0.1939 0.1542
0.5337 0.7400 0.7598 0.8006 0.7279 0.6459 0.5251 0.3848 0.2996 0.2081
0.4621 0.6805 0.7124 0.7782 0.7934 0.7715 0.6686 0.5114 0.4143 0.2732
0.4064 0.6144 0.6459 0.7300 0.8007 0.8034 0.7653 0.6614 0.5590 0.3999
0.3946 0.6091 0.6397 0.7286 0.8039 0.8206 0.8111 0.7677 0.7075 0.5678
0.3356 0.5146 0.5479 0.6340 0.7491 0.7793 0.7993 0.8033 0.7784 0.6810
0.2785 0.4451 0.4691 0.5483 0.6846 0.7259 0.7595 0.7992 0.7861 0.7425

Final Accuracy: 0.6239
Backward: -0.1075
Forward:  0.4947
