0.0844 0.0821 0.0763 0.0956 0.0970 0.0784 0.0820 0.0916 0.0847 0.0868
|
0.7098 0.5918 0.5797 0.4606 0.2657 0.2116 0.1577 0.1227 0.1138 0.0958
0.8389 0.8595 0.8509 0.7782 0.5173 0.4427 0.3329 0.2471 0.2005 0.1545
0.8286 0.8739 0.8741 0.8389 0.6159 0.5192 0.3737 0.2513 0.1994 0.1573
0.8130 0.8976 0.9004 0.8825 0.7258 0.6309 0.4785 0.3324 0.2530 0.1696
0.7528 0.8580 0.8609 0.8705 0.8188 0.7654 0.6542 0.5182 0.4055 0.2760
0.7731 0.8660 0.8685 0.8876 0.8861 0.8717 0.8151 0.6749 0.5732 0.3827
0.7476 0.8283 0.8382 0.8497 0.8596 0.8609 0.8336 0.7452 0.6395 0.4885
0.7991 0.8748 0.8752 0.8960 0.9033 0.9080 0.9057 0.8805 0.8324 0.7190
0.7727 0.8533 0.8557 0.8711 0.8911 0.8938 0.9000 0.8915 0.8801 0.7922
0.8098 0.8845 0.8899 0.9001 0.9077 0.9119 0.9154 0.9160 0.9111 0.8791

Final Accuracy: 0.8925
Backward: 0.0436
Forward:  0.6183
