0.0920 0.1140 0.1115 0.1132 0.0884 0.1414 0.1241 0.1011 0.0858 0.0601
|
0.4165 0.1140 0.1115 0.1132 0.0884 0.1414 0.1241 0.1011 0.0858 0.0601
0.4165 0.6913 0.1115 0.1132 0.0884 0.1414 0.1241 0.1011 0.0858 0.0601
0.4165 0.6913 0.7707 0.1132 0.0884 0.1414 0.1241 0.1011 0.0858 0.0601
0.4165 0.6913 0.7707 0.7535 0.0884 0.1414 0.1241 0.1011 0.0858 0.0601
0.4165 0.6913 0.7707 0.7535 0.7216 0.1414 0.1241 0.1011 0.0858 0.0601
0.4165 0.6913 0.7707 0.7535 0.7216 0.7628 0.1241 0.1011 0.0858 0.0601
0.4165 0.6913 0.7707 0.7535 0.7216 0.7628 0.8291 0.1011 0.0858 0.0601
0.4165 0.6913 0.7707 0.7535 0.7216 0.7628 0.8291 0.8337 0.0858 0.0601
0.4165 0.6913 0.7707 0.7535 0.7216 0.7628 0.8291 0.8337 0.7891 0.0601
0.4165 0.6913 0.7707 0.7535 0.7216 0.7628 0.8291 0.8337 0.7891 0.8174

Final Accuracy: 0.7386
Backward: 0.0000
Forward:  0.0000
