0.1004 0.1001 0.0765 0.0913 0.1068 0.0714 0.1212 0.1088 0.1106 0.1007
|
0.6661 0.0981 0.1083 0.0979 0.1088 0.1238 0.1605 0.0623 0.0982 0.1135
0.7150 0.8187 0.0980 0.0979 0.1054 0.1341 0.1533 0.0847 0.0852 0.1061
0.7464 0.7741 0.8035 0.1120 0.1501 0.1527 0.1346 0.1060 0.0891 0.1103
0.7284 0.7580 0.7985 0.7894 0.1468 0.1618 0.1576 0.1025 0.1013 0.1146
0.6640 0.7408 0.7709 0.7721 0.7561 0.1567 0.1884 0.0950 0.1239 0.1077
0.7507 0.7732 0.7935 0.8171 0.7794 0.7850 0.1901 0.0886 0.1252 0.0977
0.7653 0.7874 0.8170 0.8222 0.7990 0.7964 0.8428 0.0947 0.1046 0.0914
0.7364 0.7687 0.8062 0.8094 0.7896 0.8017 0.8446 0.8066 0.1197 0.1013
0.7642 0.7303 0.7707 0.7929 0.8054 0.7454 0.8275 0.7732 0.7760 0.0985
0.7387 0.7506 0.7850 0.7977 0.7733 0.8067 0.8318 0.8142 0.7506 0.8211

Final Accuracy: 0.7870
Backward: 0.0004
Forward:  0.0227
