0.0844 0.0821 0.0763 0.0956 0.0970 0.0784 0.0820 0.0916 0.0847 0.0868
|
0.1916 0.1499 0.1475 0.1439 0.1064 0.0816 0.0863 0.0990 0.0962 0.1020
0.3365 0.3608 0.3638 0.2945 0.1842 0.1370 0.1311 0.1279 0.1253 0.1280
0.4520 0.5140 0.5170 0.4338 0.2628 0.1986 0.1730 0.1538 0.1400 0.1433
0.4597 0.5767 0.5850 0.5357 0.3550 0.2865 0.2307 0.1930 0.1666 0.1544
0.4668 0.6272 0.6349 0.6256 0.4902 0.4033 0.3246 0.2565 0.2187 0.1884
0.4360 0.6206 0.6377 0.6537 0.5648 0.5072 0.3858 0.3199 0.2630 0.1966
0.4187 0.6138 0.6318 0.6766 0.6607 0.6171 0.5301 0.4394 0.3673 0.2638
0.3786 0.5760 0.6039 0.6524 0.6765 0.6767 0.6388 0.5842 0.5218 0.3934
0.3596 0.5311 0.5554 0.6052 0.6496 0.6631 0.6474 0.6239 0.5877 0.4841
0.3270 0.4914 0.5161 0.5752 0.6338 0.6520 0.6599 0.6630 0.6437 0.5760

Final Accuracy: 0.5738
Backward: 0.0858
Forward:  0.2762
