0.1132 0.1200 0.1184 0.1161 0.1099 0.0800 0.0853 0.0897 0.0882 0.0749 0.0632 0.0534 0.0478 0.0501 0.0511 0.0545 0.0712 0.0744 0.0762 0.0733
|
0.2415 0.2316 0.1803 0.1772 0.1426 0.1041 0.1060 0.0972 0.0936 0.0725 0.0662 0.0505 0.0442 0.0407 0.0374 0.0443 0.0541 0.0575 0.0613 0.0563
0.3625 0.3872 0.3219 0.3138 0.2474 0.1619 0.1432 0.1233 0.1203 0.1014 0.0926 0.0746 0.0599 0.0552 0.0458 0.0451 0.0530 0.0538 0.0513 0.0486
0.4590 0.5426 0.4979 0.4672 0.3903 0.2433 0.1944 0.1661 0.1606 0.1326 0.1176 0.0938 0.0838 0.0749 0.0589 0.0631 0.0689 0.0710 0.0608 0.0609
0.4847 0.6044 0.6013 0.5682 0.4942 0.3338 0.2548 0.2042 0.1985 0.1577 0.1354 0.1057 0.0960 0.0880 0.0666 0.0663 0.0692 0.0704 0.0634 0.0719
0.4869 0.6408 0.6730 0.6599 0.6091 0.4390 0.3358 0.2598 0.2421 0.1882 0.1494 0.1182 0.1086 0.1054 0.0798 0.0791 0.0862 0.0902 0.0778 0.0896
0.4374 0.6060 0.6813 0.6841 0.6575 0.5385 0.4286 0.3476 0.3243 0.2504 0.1767 0.1293 0.1161 0.1066 0.0790 0.0795 0.0871 0.0922 0.0782 0.0881
0.4229 0.5957 0.6864 0.7028 0.7051 0.6613 0.5798 0.4954 0.4658 0.3694 0.2599 0.1826 0.1471 0.1370 0.0971 0.0936 0.0977 0.1076 0.0951 0.1046
0.3837 0.5493 0.6619 0.6817 0.6945 0.7011 0.6689 0.6108 0.5927 0.4762 0.3540 0.2251 0.1708 0.1561 0.0995 0.0942 0.0979 0.1058 0.0916 0.0944
0.3563 0.5172 0.6353 0.6617 0.6877 0.7232 0.7139 0.6918 0.6734 0.5732 0.4472 0.2876 0.2096 0.1854 0.1123 0.0996 0.1015 0.1151 0.1043 0.1116
0.3125 0.4555 0.5839 0.6196 0.6548 0.7205 0.7301 0.7349 0.7174 0.6694 0.5318 0.3666 0.2726 0.2463 0.1375 0.1063 0.1012 0.1126 0.0979 0.1096
0.3008 0.4316 0.5602 0.5991 0.6414 0.7076 0.7326 0.7462 0.7402 0.7182 0.6383 0.4891 0.3911 0.3587 0.1955 0.1444 0.1330 0.1342 0.1166 0.1164
0.2951 0.4105 0.5229 0.5675 0.6090 0.6899 0.7126 0.7342 0.7340 0.7402 0.7064 0.6273 0.5349 0.5084 0.3171 0.2220 0.1873 0.1825 0.1471 0.1316
0.2822 0.3883 0.4898 0.5305 0.5707 0.6676 0.6948 0.7202 0.7206 0.7423 0.7414 0.7082 0.6599 0.6201 0.4341 0.3105 0.2389 0.2310 0.1610 0.1303
0.2570 0.3293 0.4103 0.4416 0.4942 0.6145 0.6528 0.7014 0.7005 0.7288 0.7595 0.7429 0.7207 0.6956 0.5289 0.3927 0.2998 0.2767 0.1796 0.1459
0.2562 0.3322 0.4064 0.4385 0.4887 0.5919 0.6271 0.6679 0.6707 0.7043 0.7359 0.7542 0.7500 0.7438 0.6580 0.5480 0.4395 0.4143 0.2457 0.1895
0.2442 0.3183 0.3825 0.4097 0.4590 0.5560 0.5855 0.6319 0.6375 0.6771 0.7063 0.7318 0.7416 0.7463 0.7138 0.6613 0.5717 0.5455 0.3528 0.2715
0.2255 0.2875 0.3313 0.3608 0.4008 0.5004 0.5303 0.5885 0.5981 0.6378 0.6866 0.7166 0.7378 0.7437 0.7492 0.7314 0.6717 0.6375 0.4615 0.3607
0.2149 0.2805 0.3250 0.3451 0.3819 0.4686 0.5016 0.5644 0.5668 0.6138 0.6589 0.7026 0.7286 0.7400 0.7730 0.7796 0.7405 0.7252 0.5517 0.4446
0.2031 0.2710 0.3121 0.3367 0.3721 0.4423 0.4589 0.5293 0.5319 0.5770 0.6198 0.6663 0.6913 0.7052 0.7426 0.7690 0.7609 0.7495 0.6506 0.5776
0.2080 0.2722 0.3104 0.3201 0.3531 0.4065 0.4135 0.4891 0.4916 0.5371 0.5721 0.6234 0.6547 0.6680 0.7186 0.7581 0.7526 0.7523 0.7042 0.6595

Final Accuracy: 0.5333
Backward: -0.0679
Forward:  0.4069
